C28_R28: 0.017517653994449715

T00_C28: 0.008427041744209156

